.GMS 1.00

BlindData "BlindData" 200 1953719668 1635017060 0

Model "model-0" {
	BoundingBox -66.191574 0.400536 -10.427704 77.819466 185.237274 24.303043
	Bone "aragaki_root_Bone" {
		RotateQ 0.000000 0.000000 -1.000000 0.000000
	}
	Bone "Bip01_Bone" {
		ParentBone "aragaki_root_Bone"
		Translate 0.000002 -100.333336 1.384974
		RotateQ 0.000000 0.707106 0.000000 0.707107
		Scale 1.000000 1.000000 1.000000
	}
	Bone "Bip01 Footsteps_Bone" {
		ParentBone "Bip01_Bone"
		Translate 0.000000 100.427063 0.000000
		RotateQ 0.000000 -0.707106 0.000000 0.707107
		Scale 1.000000 1.000000 1.000000
	}
	Bone "Bip01 Footsteps_Bone_end" {
		ParentBone "Bip01 Footsteps_Bone"
		Translate 0.000000 53.999596 0.000000
		RotateQ 0.000000 0.000000 0.000000 1.000000
		Scale 1.000000 1.000000 1.000000
	}
	Bone "Bip01 Pelvis_Bone" {
		ParentBone "Bip01_Bone"
		Translate -2.466350 7.159195 -0.000006
		RotateQ -0.499998 0.499999 -0.500002 0.500001
		Scale 1.000000 1.000000 1.000000
	}
	Bone "Bip01 Spine_Bone" {
		ParentBone "Bip01 Pelvis_Bone"
		Translate 0.050125 0.000000 -0.000136
		RotateQ -0.000002 -0.000399 0.000000 1.000000
		Scale 1.000000 1.000000 1.000000
	}
	Bone "Bip01 Spine1_Bone" {
		ParentBone "Bip01 Spine_Bone"
		Translate 0.175926 0.000000 -0.014863
		RotateQ 0.000000 0.000000 0.000000 1.000000
		Scale 1.000000 1.000000 1.000000
	}
	Bone "Bip01 Spine2_Bone" {
		ParentBone "Bip01 Spine1_Bone"
		Translate 18.663467 0.000002 -0.013269
		RotateQ 0.000000 0.069896 0.000000 0.997554
		Scale 1.000000 1.000000 1.000000
	}
	Bone "Bip01 Spine3_Bone" {
		ParentBone "Bip01 Spine2_Bone"
		Translate 16.832474 0.000002 -0.014816
		RotateQ 0.000000 -0.069885 0.000000 0.997555
		Scale 1.000000 1.000000 1.000000
	}
	Bone "Bip01 Neck_Bone" {
		ParentBone "Bip01 Spine3_Bone"
		Translate 19.367340 -0.000004 0.125506
		RotateQ 0.000000 -0.019865 0.000000 0.999803
		Scale 1.000000 1.000000 1.000000
	}
	Bone "Bip01 Neck1_Bone" {
		ParentBone "Bip01 Neck_Bone"
		Translate 0.249817 0.000000 -0.006077
		RotateQ 0.000000 -0.008209 0.000000 0.999966
		Scale 1.000000 1.000000 1.000000
	}
	Bone "Bip01 Head_Bone" {
		ParentBone "Bip01 Neck1_Bone"
		Translate 7.632538 0.000001 -0.000002
		RotateQ 0.000000 -0.005588 0.000000 0.999984
		Scale 1.000000 1.000000 1.000000
	}
	Bone "Bip01 HeadNub_Bone" {
		ParentBone "Bip01 Head_Bone"
		Translate 27.089371 -0.000002 0.000002
		RotateQ 0.000000 0.000000 0.000000 1.000000
		Scale 1.000000 1.000000 1.000000
	}
	Bone "Bip01 HeadNub_Bone_end" {
		ParentBone "Bip01 HeadNub_Bone"
		Translate 0.000000 19.616665 0.000000
		RotateQ 0.000000 0.000000 0.000000 1.000000
		Scale 1.000000 1.000000 1.000000
	}
	Bone "b hair01_Bone" {
		ParentBone "Bip01 Head_Bone"
		Translate 5.840103 -0.000002 -10.647472
		RotateQ 0.000000 0.990595 0.000001 0.136829
		Scale 1.000000 1.000000 1.000000
	}
	Bone "b hair02_Bone" {
		ParentBone "b hair01_Bone"
		Translate 12.310806 -0.000006 -0.000015
		RotateQ 0.000000 0.000000 0.000000 1.000000
		Scale 1.000000 0.999999 1.000000
	}
	Bone "b hair02_Bone_end" {
		ParentBone "b hair02_Bone"
		Translate 0.000000 12.310811 0.000000
		RotateQ 0.000000 0.000000 0.000000 1.000000
		Scale 1.000000 0.999999 1.000000
	}
	Bone "Bip01 L Clavicle_Bone" {
		ParentBone "Bip01 Neck_Bone"
		Translate -1.250671 -6.808123 -2.642394
		RotateQ 0.561709 -0.826807 -0.029178 0.004657
		Scale 1.000000 1.000000 1.000000
	}
	Bone "Bip01 L UpperArm_Bone" {
		ParentBone "Bip01 L Clavicle_Bone"
		Translate 11.027802 -0.000015 -0.000002
		RotateQ 0.012201 0.030345 0.162983 0.986087
		Scale 1.000000 1.000000 1.000000
	}
	Bone "Bip01 L Forearm_Bone" {
		ParentBone "Bip01 L UpperArm_Bone"
		Translate 26.106846 -0.000023 0.000000
		RotateQ 0.000000 0.082870 0.000000 0.996560
		Scale 1.000000 1.000000 1.000000
	}
	Bone "Bip01 L Hand_Bone" {
		ParentBone "Bip01 L Forearm_Bone"
		Translate 25.182964 -0.000008 0.000002
		RotateQ -0.694326 -0.024449 0.001304 0.719244
		Scale 1.000000 1.000000 1.000000
	}
	Bone "Bip01 L Finger0_Bone" {
		ParentBone "Bip01 L Hand_Bone"
		Translate 11.232563 0.000000 0.000008
		RotateQ -0.023997 -0.168666 -0.018431 0.985209
		Scale 1.000000 1.000000 1.000000
	}
	Bone "Bip01 L Finger0Nub_Bone" {
		ParentBone "Bip01 L Finger0_Bone"
		Translate 6.832012 -0.000002 -0.000023
		RotateQ 0.000000 0.000000 0.000000 1.000000
		Scale 1.000000 0.999999 1.000000
	}
	Bone "Bip01 L Finger0Nub_Bone_end" {
		ParentBone "Bip01 L Finger0Nub_Bone"
		Translate -0.000004 6.831996 0.000008
		RotateQ 0.000000 0.000000 0.000000 1.000000
		Scale 1.000000 0.999999 1.000000
	}
	Bone "b l handsuso01_Bone" {
		ParentBone "Bip01 L Forearm_Bone"
		Translate 23.375328 -3.490021 0.106137
		RotateQ 0.303633 0.628324 0.654418 0.291124
		Scale 1.000000 1.000000 1.000000
	}
	Bone "b l handsuso02_Bone" {
		ParentBone "b l handsuso01_Bone"
		Translate -4.669914 0.000004 3.386826
		RotateQ 0.000000 -0.285241 0.000000 0.958456
		Scale 1.000000 1.000000 1.000000
	}
	Bone "b l handsuso02_Bone_end" {
		ParentBone "b l handsuso02_Bone"
		Translate -0.000008 5.768756 -0.000004
		RotateQ 0.000000 0.000000 0.000000 1.000000
		Scale 1.000000 1.000000 1.000000
	}
	Bone "Bip01 R Clavicle_Bone" {
		ParentBone "Bip01 Neck_Bone"
		Translate -1.250687 6.808140 -2.642358
		RotateQ -0.561709 -0.826807 0.029176 0.004659
		Scale 1.000000 0.999999 1.000000
	}
	Bone "Bip01 R UpperArm_Bone" {
		ParentBone "Bip01 R Clavicle_Bone"
		Translate 11.027809 -0.000015 0.000003
		RotateQ -0.012201 0.030345 -0.162983 0.986087
		Scale 1.000000 0.999999 1.000000
	}
	Bone "Bip01 R Forearm_Bone" {
		ParentBone "Bip01 R UpperArm_Bone"
		Translate 26.106812 0.000008 0.000000
		RotateQ 0.000000 0.082870 0.000000 0.996560
		Scale 1.000000 0.999999 1.000000
	}
	Bone "Bip01 R Hand_Bone" {
		ParentBone "Bip01 R Forearm_Bone"
		Translate 25.182955 -0.000008 0.000000
		RotateQ 0.694326 -0.024448 -0.001304 0.719244
		Scale 0.999999 0.999999 0.999999
		BlindData "per3Helper" 500 1092494179 1070413149 1078466510 -1127707551 1023790549 -1107931374 1065217354 0 0
	}
	Bone "Bip01 R Finger0_Bone" {
		ParentBone "Bip01 R Hand_Bone"
		Translate 11.232534 0.000004 -0.000015
		RotateQ 0.023997 -0.168666 0.018431 0.985209
		Scale 0.999999 0.999999 0.999999
	}
	Bone "Bip01 R Finger0Nub_Bone" {
		ParentBone "Bip01 R Finger0_Bone"
		Translate 6.832001 -0.000002 0.000008
		RotateQ 0.000000 -1.000000 0.000000 0.000000
		Scale 0.999999 0.999999 0.999999
	}
	Bone "Bip01 R Finger0Nub_Bone_end" {
		ParentBone "Bip01 R Finger0Nub_Bone"
		Translate 0.000000 6.831997 -0.000008
		RotateQ 0.000000 0.000000 0.000000 1.000000
		Scale 0.999999 0.999999 0.999999
	}
	Bone "gun_Bone" {
		ParentBone "Bip01 R Hand_Bone"
		Translate 19.443718 -3.357110 1.338356
		RotateQ 0.091110 -0.695827 -0.092070 0.706433
		Scale 0.999999 0.999999 0.999999
	}
	Bone "gun_Bone_end" {
		ParentBone "gun_Bone"
		Translate 0.000000 15.504646 -0.000001
		RotateQ 0.000000 0.000000 0.000000 1.000000
		Scale 0.999999 1.000000 0.999999
	}
	Bone "b r handsuso01_Bone" {
		ParentBone "Bip01 R Forearm_Bone"
		Translate 23.375360 3.490059 0.106320
		RotateQ 0.687499 0.086850 0.083006 0.716179
		Scale 0.999999 1.000000 0.999999
	}
	Bone "b r handsuso02_Bone" {
		ParentBone "b r handsuso01_Bone"
		Translate 5.768744 0.000001 0.000000
		RotateQ 0.000000 0.000000 0.000000 1.000000
		Scale 0.999999 1.000000 0.999999
	}
	Bone "b r handsuso02_Bone_end" {
		ParentBone "b r handsuso02_Bone"
		Translate -0.000003 5.768752 0.000000
		RotateQ 0.000000 0.000000 0.000000 1.000000
		Scale 0.999999 1.000000 0.999999
	}
	Bone "b l eri01_Bone" {
		ParentBone "Bip01 Spine3_Bone"
		Translate 21.882614 -5.127015 5.103573
		RotateQ -0.662165 0.165203 -0.336623 0.648791
		Scale 1.000000 1.000000 1.000000
	}
	Bone "b l eri02_Bone" {
		ParentBone "b l eri01_Bone"
		Translate 9.359238 0.000000 2.783997
		RotateQ 0.000000 0.662922 0.000000 0.748689
		Scale 1.000000 1.000000 1.000000
	}
	Bone "b l eri03_Bone" {
		ParentBone "b l eri02_Bone"
		Translate 12.615608 0.000004 -6.475456
		RotateQ 0.000000 -0.015207 0.000000 0.999884
		Scale 1.000000 1.000000 1.000000
	}
	Bone "b l eri03_Bone_end" {
		ParentBone "b l eri03_Bone"
		Translate -0.000008 14.180454 0.000008
		RotateQ 0.000000 0.000000 0.000000 1.000000
		Scale 1.000000 1.000000 1.000000
	}
	Bone "b r eri01_Bone" {
		ParentBone "Bip01 Spine3_Bone"
		Translate 21.882629 5.127162 5.103589
		RotateQ -0.665821 -0.237732 0.070025 0.703749
		Scale 1.000000 1.000000 1.000000
	}
	Bone "b r eri02_Bone" {
		ParentBone "b r eri01_Bone"
		Translate 9.764511 -0.000011 -0.000275
		RotateQ -0.000001 0.894080 0.000000 -0.447908
		Scale 1.000000 0.999999 1.000000
	}
	Bone "b r eri03_Bone" {
		ParentBone "b r eri02_Bone"
		Translate 14.180450 -0.000008 0.000015
		RotateQ 0.000000 0.000000 0.000000 1.000000
		Scale 1.000000 0.999999 1.000000
	}
	Bone "b r eri03_Bone_end" {
		ParentBone "b r eri03_Bone"
		Translate 0.000000 14.180454 0.000000
		RotateQ 0.000000 0.000000 0.000000 1.000000
		Scale 1.000000 0.999999 1.000000
	}
	Bone "b l b_bone01_Bone" {
		ParentBone "Bip01 Spine1_Bone"
		Translate 8.866287 -10.907965 -10.442532
		RotateQ 0.075702 -0.851996 -0.517555 -0.022562
		Scale 1.000000 1.000000 1.000000
	}
	Bone "b l b_bone02_Bone" {
		ParentBone "b l b_bone01_Bone"
		Translate 28.256561 0.000000 0.000001
		RotateQ 0.000000 0.000000 0.000000 1.000000
		Scale 1.000000 1.000000 1.000000
	}
	Bone "b l b_bone02_Bone_end" {
		ParentBone "b l b_bone02_Bone"
		Translate 0.000000 28.256567 -0.000002
		RotateQ 0.000000 0.000000 0.000000 1.000000
		Scale 1.000000 1.000000 1.000000
	}
	Bone "b l f_bone03_Bone" {
		ParentBone "Bip01 Spine1_Bone"
		Translate 7.072227 -11.293430 9.718194
		RotateQ -0.313998 -0.446982 0.274416 0.791396
		Scale 1.000000 1.000000 1.000000
	}
	Bone "b l f_bone04_Bone" {
		ParentBone "b l f_bone03_Bone"
		Translate -13.846077 0.000000 24.631691
		RotateQ 0.000000 -0.756823 0.000000 0.653620
		Scale 1.000000 1.000000 1.000000
	}
	Bone "b l f_bone04_Bone_end" {
		ParentBone "b l f_bone04_Bone"
		Translate 0.000000 28.256573 -0.000002
		RotateQ 0.000000 0.000000 0.000000 1.000000
		Scale 1.000000 1.000000 1.000000
	}
	Bone "b r f_bone03_Bone" {
		ParentBone "Bip01 Spine1_Bone"
		Translate 7.072533 11.246501 10.101906
		RotateQ -0.007196 -0.445320 0.892873 0.066459
		Scale 1.000000 1.000000 1.000000
	}
	Bone "b r f_bone04_Bone" {
		ParentBone "b r f_bone03_Bone"
		Translate 28.256538 0.000011 0.000003
		RotateQ 0.000000 0.000000 0.000000 1.000000
		Scale 1.000000 1.000000 1.000001
	}
	Bone "b r f_bone04_Bone_end" {
		ParentBone "b r f_bone04_Bone"
		Translate 0.000008 28.256561 -0.000002
		RotateQ 0.000000 0.000000 0.000000 1.000000
		Scale 1.000000 1.000000 1.000001
	}
	Bone "b r b_bone01_Bone" {
		ParentBone "Bip01 Spine1_Bone"
		Translate 8.866295 10.908012 -10.442505
		RotateQ 0.802581 0.089277 0.286828 0.515386
		Scale 1.000000 1.000000 1.000000
	}
	Bone "b r b_bone02_Bone" {
		ParentBone "b r b_bone01_Bone"
		Translate -22.773323 0.000004 -16.727482
		RotateQ 0.000000 -0.371391 0.000000 0.928477
		Scale 1.000000 1.000000 1.000000
	}
	Bone "b r b_bone02_Bone_end" {
		ParentBone "b r b_bone02_Bone"
		Translate 0.000000 28.256563 -0.000002
		RotateQ 0.000000 0.000000 0.000000 1.000000
		Scale 1.000000 1.000000 1.000000
	}
	Bone "Bip01 L Thigh_Bone" {
		ParentBone "Bip01 Spine_Bone"
		Translate -0.050133 -7.730539 0.000159
		RotateQ 0.018201 -0.000015 -0.999824 0.004563
		Scale 1.000000 1.000000 1.000000
	}
	Bone "Bip01 L Calf_Bone" {
		ParentBone "Bip01 L Thigh_Bone"
		Translate 33.560413 0.000003 -0.000001
		RotateQ 0.000000 0.015018 0.000000 0.999887
		Scale 1.000000 1.000000 1.000000
	}
	Bone "Bip01 L Foot_Bone" {
		ParentBone "Bip01 L Calf_Bone"
		Translate 47.883781 0.000000 -0.000001
		RotateQ 0.000050 -0.033613 -0.004563 0.999425
		Scale 1.000000 1.000000 1.000000
	}
	Bone "Bip01 L Toe0_Bone" {
		ParentBone "Bip01 L Foot_Bone"
		Translate 11.829984 -0.000003 13.098272
		RotateQ 0.000000 -0.707105 0.000000 0.707108
		Scale 1.000000 1.000000 1.000000
	}
	Bone "Bip01 L Toe0Nub_Bone" {
		ParentBone "Bip01 L Toe0_Bone"
		Translate 10.093845 0.000001 0.000002
		RotateQ 0.000000 1.000000 0.000000 0.000000
		Scale 1.000000 1.000000 1.000000
	}
	Bone "Bip01 L Toe0Nub_Bone_end" {
		ParentBone "Bip01 L Toe0Nub_Bone"
		Translate 0.000001 10.093841 0.000000
		RotateQ 0.000000 0.000000 0.000000 1.000000
		Scale 1.000000 1.000000 1.000000
	}
	Bone "Bip01 R Thigh_Bone" {
		ParentBone "Bip01 Spine_Bone"
		Translate -0.050125 7.730537 0.000201
		RotateQ -0.018201 -0.000018 0.999824 0.004563
		Scale 1.000000 1.000000 1.000000
	}
	Bone "Bip01 R Calf_Bone" {
		ParentBone "Bip01 R Thigh_Bone"
		Translate 33.560432 0.000009 -0.000005
		RotateQ 0.000000 0.015018 0.000000 0.999887
		Scale 1.000000 1.000000 1.000000
	}
	Bone "Bip01 R Foot_Bone" {
		ParentBone "Bip01 R Calf_Bone"
		Translate 47.883759 -0.000007 0.000004
		RotateQ -0.000050 -0.033613 0.004563 0.999425
		Scale 1.000000 1.000000 1.000000
	}
	Bone "Bip01 R Toe0_Bone" {
		ParentBone "Bip01 R Foot_Bone"
		Translate 11.829987 0.000001 13.098265
		RotateQ 0.000000 -0.707106 0.000000 0.707108
		Scale 1.000000 1.000000 1.000000
	}
	Bone "Bip01 R Toe0Nub_Bone" {
		ParentBone "Bip01 R Toe0_Bone"
		Translate 10.093841 0.000001 0.000001
		RotateQ 0.000000 0.000000 0.000000 1.000000
		Scale 1.000000 1.000000 1.000000
	}
	Bone "Bip01 R Toe0Nub_Bone_end" {
		ParentBone "Bip01 R Toe0Nub_Bone"
		Translate 0.000000 10.093840 0.000000
		RotateQ 0.000000 0.000000 0.000000 1.000000
		Scale 1.000000 1.000000 1.000000
	}
	Bone "body_Bone" {
		ParentBone "aragaki_root_Bone"
		Translate 0.014143 -167.068542 2.675753
		RotateQ 0.000000 0.000000 0.000000 1.000000
	}
	Bone "body_Bone_end" {
		ParentBone "body_Bone"
		Translate 0.000000 1.000000 0.000000
		RotateQ 0.000000 0.000000 0.000000 1.000000
	}
	Bone "0000_player_template_biped(No_Head)1" {
		BoundingBox -46.688316 0.400536 -7.937263 45.494545 157.055557 21.586971
		BlendBones 17 "Bip01 Pelvis_Bone" "Bip01 Spine_Bone" "Bip01 Spine1_Bone" "Bip01 Spine2_Bone" "Bip01 Spine3_Bone" "Bip01 L Clavicle_Bone" "Bip01 L UpperArm_Bone" "Bip01 L Forearm_Bone" "Bip01 R Clavicle_Bone" "Bip01 R UpperArm_Bone" "Bip01 R Forearm_Bone" "Bip01 L Calf_Bone" "Bip01 L Foot_Bone" "Bip01 L Toe0_Bone" "Bip01 R Calf_Bone" "Bip01 R Foot_Bone" "Bip01 R Toe0_Bone"
		BlendOffsets 17 \
			0.000000 1.000000 -0.000006 0.000000 \
			1.000000 0.000000 0.000002 0.000000 \
			0.000002 -0.000006 -1.000000 0.000000 \
			-93.174156 0.000016 3.851142 1.000000 \
			0.000000 1.000000 -0.000001 0.000000 \
			1.000000 0.000000 -0.000796 0.000000 \
			-0.000796 -0.000001 -1.000000 0.000000 \
			-93.221176 -0.000003 3.925689 1.000000 \
			0.000000 1.000000 -0.000001 0.000000 \
			1.000000 0.000000 -0.000796 0.000000 \
			-0.000796 -0.000001 -1.000000 0.000000 \
			-93.397095 -0.000002 3.940552 1.000000 \
			0.000000 1.000000 -0.000001 0.000000 \
			0.990340 0.000000 0.138663 0.000000 \
			0.138663 -0.000001 -0.990340 0.000000 \
			-111.516991 -0.000004 -11.711767 1.000000 \
			0.000000 1.000000 -0.000002 0.000000 \
			1.000000 0.000000 -0.000774 0.000000 \
			-0.000774 -0.000002 -1.000000 0.000000 \
			-128.726654 0.000005 6.312968 1.000000 \
			-0.929122 0.367263 0.043018 0.000000 \
			-0.367604 -0.929983 -0.000022 0.000000 \
			0.039998 -0.015834 0.999074 0.000000 \
			47.345497 139.305740 -8.459464 1.000000 \
			-0.762131 0.647063 -0.021577 0.000000 \
			-0.647010 -0.762412 -0.010305 0.000000 \
			-0.023119 0.006107 0.999714 0.000000 \
			79.674316 119.929359 -8.097471 1.000000 \
			-0.748099 0.647063 -0.147163 0.000000 \
			-0.636421 -0.762412 -0.117031 0.000000 \
			-0.187925 0.006107 0.982165 0.000000 \
			54.169197 119.929375 0.861526 1.000000 \
			0.929122 0.367263 -0.043010 0.000000 \
			-0.367604 0.929983 -0.000022 0.000000 \
			0.039990 0.015831 0.999075 0.000000 \
			47.345566 -139.305725 -8.459484 1.000000 \
			0.762131 0.647063 0.021586 0.000000 \
			-0.647010 0.762412 -0.010305 0.000000 \
			-0.023125 -0.006112 0.999714 0.000000 \
			79.674347 -119.929359 -8.097497 1.000000 \
			0.748098 0.647063 0.147171 0.000000 \
			-0.636421 0.762412 -0.117031 0.000000 \
			-0.187931 -0.006112 0.982163 0.000000 \
			54.169243 -119.929367 0.861503 1.000000 \
			-0.009117 -0.999958 -0.000411 0.000000 \
			-0.997699 0.009124 -0.067186 0.000000 \
			0.067187 -0.000203 -0.997740 0.000000 \
			59.085201 -8.579571 9.091538 1.000000 \
			0.000000 -1.000000 -0.000005 0.000000 \
			-1.000000 0.000000 0.000001 0.000000 \
			-0.000001 0.000005 -1.000000 0.000000 \
			11.864738 -8.473394 8.316623 1.000000 \
			-0.000005 -0.999999 -0.001188 0.000000 \
			-0.000003 -0.001188 0.999999 0.000000 \
			-1.000000 0.000005 -0.000003 0.000000 \
			-4.781646 -8.473344 -0.044840 1.000000 \
			0.009117 -0.999958 0.000402 0.000000 \
			-0.997699 -0.009124 -0.067186 0.000000 \
			0.067187 0.000212 -0.997741 0.000000 \
			59.085194 8.579503 9.091553 1.000000 \
			0.000000 -1.000000 -0.000004 0.000000 \
			-1.000000 0.000000 0.000001 0.000000 \
			-0.000001 0.000004 -1.000000 0.000000 \
			11.864761 8.473333 8.316632 1.000000 \
			-0.000004 -0.999999 0.001777 0.000000 \
			-0.000002 0.001777 0.999999 0.000000 \
			-1.000000 0.000004 -0.000002 0.000000 \
			-4.781635 8.473257 -0.049840 1.000000
		DrawPart "0000_player_template_biped(No_Head)1"
		DrawPart "0000_player_template_biped(No_Head)1_1"
		DrawPart "0000_player_template_biped(No_Head)1_2"
		DrawPart "0000_player_template_biped(No_Head)1_3"
	}
	Bone "0001_player_template_biped(No_Head)1" {
		BoundingBox -32.312595 139.179688 2.159866 30.743708 154.426910 16.264824
		BlendBones 4 "Bip01 L Clavicle_Bone" "Bip01 L UpperArm_Bone" "Bip01 R Clavicle_Bone" "Bip01 R UpperArm_Bone"
		BlendOffsets 4 \
			-0.929122 0.367263 0.043018 0.000000 \
			-0.367604 -0.929983 -0.000022 0.000000 \
			0.039998 -0.015834 0.999074 0.000000 \
			47.345497 139.305740 -8.459464 1.000000 \
			-0.762131 0.647063 -0.021577 0.000000 \
			-0.647010 -0.762412 -0.010305 0.000000 \
			-0.023119 0.006107 0.999714 0.000000 \
			79.674316 119.929359 -8.097471 1.000000 \
			0.929122 0.367263 -0.043010 0.000000 \
			-0.367604 0.929983 -0.000022 0.000000 \
			0.039990 0.015831 0.999075 0.000000 \
			47.345566 -139.305725 -8.459484 1.000000 \
			0.762131 0.647063 0.021586 0.000000 \
			-0.647010 0.762412 -0.010305 0.000000 \
			-0.023125 -0.006112 0.999714 0.000000 \
			79.674347 -119.929359 -8.097497 1.000000
		DrawPart "0001_player_template_biped(No_Head)1"
	}
	Bone "0002_player_template_biped(No_Head)1" {
		BoundingBox -17.527912 83.301369 7.575089 16.525932 152.430054 24.303043
		BlendBones 10 "Bip01 Pelvis_Bone" "Bip01 Spine_Bone" "Bip01 Spine2_Bone" "Bip01 Spine3_Bone" "Bip01 L Clavicle_Bone" "Bip01 L UpperArm_Bone" "Bip01 R Clavicle_Bone" "Bip01 R UpperArm_Bone" "Bip01 L Thigh_Bone" "Bip01 R Thigh_Bone"
		BlendOffsets 10 \
			0.000000 1.000000 -0.000006 0.000000 \
			1.000000 0.000000 0.000002 0.000000 \
			0.000002 -0.000006 -1.000000 0.000000 \
			-93.174156 0.000016 3.851142 1.000000 \
			0.000000 1.000000 -0.000001 0.000000 \
			1.000000 0.000000 -0.000796 0.000000 \
			-0.000796 -0.000001 -1.000000 0.000000 \
			-93.221176 -0.000003 3.925689 1.000000 \
			0.000000 1.000000 -0.000001 0.000000 \
			0.990340 0.000000 0.138663 0.000000 \
			0.138663 -0.000001 -0.990340 0.000000 \
			-111.516991 -0.000004 -11.711767 1.000000 \
			0.000000 1.000000 -0.000002 0.000000 \
			1.000000 0.000000 -0.000774 0.000000 \
			-0.000774 -0.000002 -1.000000 0.000000 \
			-128.726654 0.000005 6.312968 1.000000 \
			-0.929122 0.367263 0.043018 0.000000 \
			-0.367604 -0.929983 -0.000022 0.000000 \
			0.039998 -0.015834 0.999074 0.000000 \
			47.345497 139.305740 -8.459464 1.000000 \
			-0.762131 0.647063 -0.021577 0.000000 \
			-0.647010 -0.762412 -0.010305 0.000000 \
			-0.023119 0.006107 0.999714 0.000000 \
			79.674316 119.929359 -8.097471 1.000000 \
			0.929122 0.367263 -0.043010 0.000000 \
			-0.367604 0.929983 -0.000022 0.000000 \
			0.039990 0.015831 0.999075 0.000000 \
			47.345566 -139.305725 -8.459484 1.000000 \
			0.762131 0.647063 0.021586 0.000000 \
			-0.647010 0.762412 -0.010305 0.000000 \
			-0.023125 -0.006112 0.999714 0.000000 \
			79.674347 -119.929359 -8.097497 1.000000 \
			-0.009125 -0.999958 -0.000137 0.000000 \
			-0.999267 0.009124 -0.037192 0.000000 \
			0.037192 -0.000203 -0.999308 0.000000 \
			92.892014 -8.579562 7.312966 1.000000 \
			0.009126 -0.999958 0.000128 0.000000 \
			-0.999266 -0.009124 -0.037192 0.000000 \
			0.037191 0.000212 -0.999308 0.000000 \
			92.892006 8.579521 7.312963 1.000000
		DrawPart "0002_player_template_biped(No_Head)1"
		DrawPart "0002_player_template_biped(No_Head)1_1"
		DrawPart "0002_player_template_biped(No_Head)1_2"
	}
	Bone "0003_player_template_biped(No_Head)1" {
		BoundingBox -16.738194 40.554966 -2.781525 16.399012 109.252121 10.200905
		BlendBones 6 "Bip01 Pelvis_Bone" "Bip01 Spine_Bone" "Bip01 L Thigh_Bone" "Bip01 L Calf_Bone" "Bip01 R Thigh_Bone" "Bip01 R Calf_Bone"
		BlendOffsets 6 \
			0.000000 1.000000 -0.000006 0.000000 \
			1.000000 0.000000 0.000002 0.000000 \
			0.000002 -0.000006 -1.000000 0.000000 \
			-93.174156 0.000016 3.851142 1.000000 \
			0.000000 1.000000 -0.000001 0.000000 \
			1.000000 0.000000 -0.000796 0.000000 \
			-0.000796 -0.000001 -1.000000 0.000000 \
			-93.221176 -0.000003 3.925689 1.000000 \
			-0.009125 -0.999958 -0.000137 0.000000 \
			-0.999267 0.009124 -0.037192 0.000000 \
			0.037192 -0.000203 -0.999308 0.000000 \
			92.892014 -8.579562 7.312966 1.000000 \
			-0.009117 -0.999958 -0.000411 0.000000 \
			-0.997699 0.009124 -0.067186 0.000000 \
			0.067187 -0.000203 -0.997740 0.000000 \
			59.085201 -8.579571 9.091538 1.000000 \
			0.009126 -0.999958 0.000128 0.000000 \
			-0.999266 -0.009124 -0.037192 0.000000 \
			0.037191 0.000212 -0.999308 0.000000 \
			92.892006 8.579521 7.312963 1.000000 \
			0.009117 -0.999958 0.000402 0.000000 \
			-0.997699 -0.009124 -0.067186 0.000000 \
			0.067187 0.000212 -0.997741 0.000000 \
			59.085194 8.579503 9.091553 1.000000
		DrawPart "0003_player_template_biped(No_Head)1"
	}
	Bone "0004_player_template_biped(No_Head)1" {
		BoundingBox -16.738194 51.498226 0.938622 16.399012 88.818123 19.246017
		BlendBones 3 "Bip01 Pelvis_Bone" "Bip01 L Thigh_Bone" "Bip01 R Thigh_Bone"
		BlendOffsets 3 \
			0.000000 1.000000 -0.000006 0.000000 \
			1.000000 0.000000 0.000002 0.000000 \
			0.000002 -0.000006 -1.000000 0.000000 \
			-93.174156 0.000016 3.851142 1.000000 \
			-0.009125 -0.999958 -0.000137 0.000000 \
			-0.999267 0.009124 -0.037192 0.000000 \
			0.037192 -0.000203 -0.999308 0.000000 \
			92.892014 -8.579562 7.312966 1.000000 \
			0.009126 -0.999958 0.000128 0.000000 \
			-0.999266 -0.009124 -0.037192 0.000000 \
			0.037191 0.000212 -0.999308 0.000000 \
			92.892006 8.579521 7.312963 1.000000
		DrawPart "0004_player_template_biped(No_Head)1"
	}
	Bone "0005_player_template_biped(No_Head)1" {
		BoundingBox -13.596237 0.400536 -7.937263 13.268337 0.631813 19.516777
		BlendBones 4 "Bip01 L Foot_Bone" "Bip01 L Toe0_Bone" "Bip01 R Foot_Bone" "Bip01 R Toe0_Bone"
		BlendOffsets 4 \
			0.000000 -1.000000 -0.000005 0.000000 \
			-1.000000 0.000000 0.000001 0.000000 \
			-0.000001 0.000005 -1.000000 0.000000 \
			11.864738 -8.473394 8.316623 1.000000 \
			-0.000005 -0.999999 -0.001188 0.000000 \
			-0.000003 -0.001188 0.999999 0.000000 \
			-1.000000 0.000005 -0.000003 0.000000 \
			-4.781646 -8.473344 -0.044840 1.000000 \
			0.000000 -1.000000 -0.000004 0.000000 \
			-1.000000 0.000000 0.000001 0.000000 \
			-0.000001 0.000004 -1.000000 0.000000 \
			11.864761 8.473333 8.316632 1.000000 \
			-0.000004 -0.999999 0.001777 0.000000 \
			-0.000002 0.001777 0.999999 0.000000 \
			-1.000000 0.000004 -0.000002 0.000000 \
			-4.781635 8.473257 -0.049840 1.000000
		DrawPart "0005_player_template_biped(No_Head)1"
	}
	Bone "0006_player_template_biped(No_Head)1" {
		BoundingBox -17.527912 109.119568 -7.260361 16.525932 142.544449 9.196831
		BlendBones 8 "Bip01 Spine_Bone" "Bip01 Spine1_Bone" "Bip01 Spine2_Bone" "Bip01 Spine3_Bone" "Bip01 L Clavicle_Bone" "Bip01 L UpperArm_Bone" "Bip01 R Clavicle_Bone" "Bip01 R UpperArm_Bone"
		BlendOffsets 8 \
			0.000000 1.000000 -0.000001 0.000000 \
			1.000000 0.000000 -0.000796 0.000000 \
			-0.000796 -0.000001 -1.000000 0.000000 \
			-93.221176 -0.000003 3.925689 1.000000 \
			0.000000 1.000000 -0.000001 0.000000 \
			1.000000 0.000000 -0.000796 0.000000 \
			-0.000796 -0.000001 -1.000000 0.000000 \
			-93.397095 -0.000002 3.940552 1.000000 \
			0.000000 1.000000 -0.000001 0.000000 \
			0.990340 0.000000 0.138663 0.000000 \
			0.138663 -0.000001 -0.990340 0.000000 \
			-111.516991 -0.000004 -11.711767 1.000000 \
			0.000000 1.000000 -0.000002 0.000000 \
			1.000000 0.000000 -0.000774 0.000000 \
			-0.000774 -0.000002 -1.000000 0.000000 \
			-128.726654 0.000005 6.312968 1.000000 \
			-0.929122 0.367263 0.043018 0.000000 \
			-0.367604 -0.929983 -0.000022 0.000000 \
			0.039998 -0.015834 0.999074 0.000000 \
			47.345497 139.305740 -8.459464 1.000000 \
			-0.762131 0.647063 -0.021577 0.000000 \
			-0.647010 -0.762412 -0.010305 0.000000 \
			-0.023119 0.006107 0.999714 0.000000 \
			79.674316 119.929359 -8.097471 1.000000 \
			0.929122 0.367263 -0.043010 0.000000 \
			-0.367604 0.929983 -0.000022 0.000000 \
			0.039990 0.015831 0.999075 0.000000 \
			47.345566 -139.305725 -8.459484 1.000000 \
			0.762131 0.647063 0.021586 0.000000 \
			-0.647010 0.762412 -0.010305 0.000000 \
			-0.023125 -0.006112 0.999714 0.000000 \
			79.674347 -119.929359 -8.097497 1.000000
		DrawPart "0006_player_template_biped(No_Head)1"
		DrawPart "0006_player_template_biped(No_Head)1_1"
		DrawPart "0006_player_template_biped(No_Head)1_2"
		DrawPart "0006_player_template_biped(No_Head)1_3"
	}
	Bone "0007_player_template_biped(No_Head)1" {
		BoundingBox -11.864494 142.499329 -4.276352 10.744055 157.055557 16.056114
		BlendBones 5 "Bip01 Spine3_Bone" "Bip01 L Clavicle_Bone" "Bip01 L UpperArm_Bone" "Bip01 R Clavicle_Bone" "Bip01 R UpperArm_Bone"
		BlendOffsets 5 \
			0.000000 1.000000 -0.000002 0.000000 \
			1.000000 0.000000 -0.000774 0.000000 \
			-0.000774 -0.000002 -1.000000 0.000000 \
			-128.726654 0.000005 6.312968 1.000000 \
			-0.929122 0.367263 0.043018 0.000000 \
			-0.367604 -0.929983 -0.000022 0.000000 \
			0.039998 -0.015834 0.999074 0.000000 \
			47.345497 139.305740 -8.459464 1.000000 \
			-0.762131 0.647063 -0.021577 0.000000 \
			-0.647010 -0.762412 -0.010305 0.000000 \
			-0.023119 0.006107 0.999714 0.000000 \
			79.674316 119.929359 -8.097471 1.000000 \
			0.929122 0.367263 -0.043010 0.000000 \
			-0.367604 0.929983 -0.000022 0.000000 \
			0.039990 0.015831 0.999075 0.000000 \
			47.345566 -139.305725 -8.459484 1.000000 \
			0.762131 0.647063 0.021586 0.000000 \
			-0.647010 0.762412 -0.010305 0.000000 \
			-0.023125 -0.006112 0.999714 0.000000 \
			79.674347 -119.929359 -8.097497 1.000000
		DrawPart "0007_player_template_biped(No_Head)1"
	}
	Bone "0008_player_template_biped(No_Head)1" {
		BoundingBox -43.808662 126.200073 2.159866 42.614887 144.298767 16.264824
		BlendBones 4 "Bip01 L Clavicle_Bone" "Bip01 L UpperArm_Bone" "Bip01 R Clavicle_Bone" "Bip01 R UpperArm_Bone"
		BlendOffsets 4 \
			-0.929122 0.367263 0.043018 0.000000 \
			-0.367604 -0.929983 -0.000022 0.000000 \
			0.039998 -0.015834 0.999074 0.000000 \
			47.345497 139.305740 -8.459464 1.000000 \
			-0.762131 0.647063 -0.021577 0.000000 \
			-0.647010 -0.762412 -0.010305 0.000000 \
			-0.023119 0.006107 0.999714 0.000000 \
			79.674316 119.929359 -8.097471 1.000000 \
			0.929122 0.367263 -0.043010 0.000000 \
			-0.367604 0.929983 -0.000022 0.000000 \
			0.039990 0.015831 0.999075 0.000000 \
			47.345566 -139.305725 -8.459484 1.000000 \
			0.762131 0.647063 0.021586 0.000000 \
			-0.647010 0.762412 -0.010305 0.000000 \
			-0.023125 -0.006112 0.999714 0.000000 \
			79.674347 -119.929359 -8.097497 1.000000
		DrawPart "0008_player_template_biped(No_Head)1"
	}
	Bone "0009_player_template_biped(No_Head)1" {
		BoundingBox -59.487419 108.295998 -1.179520 58.254162 130.427887 14.287704
		BlendBones 4 "Bip01 L UpperArm_Bone" "Bip01 L Forearm_Bone" "Bip01 R UpperArm_Bone" "Bip01 R Forearm_Bone"
		BlendOffsets 4 \
			-0.762131 0.647063 -0.021577 0.000000 \
			-0.647010 -0.762412 -0.010305 0.000000 \
			-0.023119 0.006107 0.999714 0.000000 \
			79.674316 119.929359 -8.097471 1.000000 \
			-0.748099 0.647063 -0.147163 0.000000 \
			-0.636421 -0.762412 -0.117031 0.000000 \
			-0.187925 0.006107 0.982165 0.000000 \
			54.169197 119.929375 0.861526 1.000000 \
			0.762131 0.647063 0.021586 0.000000 \
			-0.647010 0.762412 -0.010305 0.000000 \
			-0.023125 -0.006112 0.999714 0.000000 \
			79.674347 -119.929359 -8.097497 1.000000 \
			0.748098 0.647063 0.147171 0.000000 \
			-0.636421 0.762412 -0.117031 0.000000 \
			-0.187931 -0.006112 0.982163 0.000000 \
			54.169243 -119.929367 0.861503 1.000000
		DrawPart "0009_player_template_biped(No_Head)1"
	}
	Bone "0010_player_template_biped(No_Head)1" {
		BoundingBox -13.909306 40.777779 7.919182 14.794188 54.389164 19.330631
		BlendBones 4 "Bip01 L Thigh_Bone" "Bip01 L Calf_Bone" "Bip01 R Thigh_Bone" "Bip01 R Calf_Bone"
		BlendOffsets 4 \
			-0.009125 -0.999958 -0.000137 0.000000 \
			-0.999267 0.009124 -0.037192 0.000000 \
			0.037192 -0.000203 -0.999308 0.000000 \
			92.892014 -8.579562 7.312966 1.000000 \
			-0.009117 -0.999958 -0.000411 0.000000 \
			-0.997699 0.009124 -0.067186 0.000000 \
			0.067187 -0.000203 -0.997740 0.000000 \
			59.085201 -8.579571 9.091538 1.000000 \
			0.009126 -0.999958 0.000128 0.000000 \
			-0.999266 -0.009124 -0.037192 0.000000 \
			0.037191 0.000212 -0.999308 0.000000 \
			92.892006 8.579521 7.312963 1.000000 \
			0.009117 -0.999958 0.000402 0.000000 \
			-0.997699 -0.009124 -0.067186 0.000000 \
			0.067187 0.000212 -0.997741 0.000000 \
			59.085194 8.579503 9.091553 1.000000
		DrawPart "0010_player_template_biped(No_Head)1"
	}
	Bone "0011_player_template_biped(No_Head)1" {
		BoundingBox -14.775177 6.568810 10.576019 14.424712 34.042599 21.409286
		BlendBones 4 "Bip01 L Calf_Bone" "Bip01 L Foot_Bone" "Bip01 R Calf_Bone" "Bip01 R Foot_Bone"
		BlendOffsets 4 \
			-0.009117 -0.999958 -0.000411 0.000000 \
			-0.997699 0.009124 -0.067186 0.000000 \
			0.067187 -0.000203 -0.997740 0.000000 \
			59.085201 -8.579571 9.091538 1.000000 \
			0.000000 -1.000000 -0.000005 0.000000 \
			-1.000000 0.000000 0.000001 0.000000 \
			-0.000001 0.000005 -1.000000 0.000000 \
			11.864738 -8.473394 8.316623 1.000000 \
			0.009117 -0.999958 0.000402 0.000000 \
			-0.997699 -0.009124 -0.067186 0.000000 \
			0.067187 0.000212 -0.997741 0.000000 \
			59.085194 8.579503 9.091553 1.000000 \
			0.000000 -1.000000 -0.000004 0.000000 \
			-1.000000 0.000000 0.000001 0.000000 \
			-0.000001 0.000004 -1.000000 0.000000 \
			11.864761 8.473333 8.316632 1.000000
		DrawPart "0011_player_template_biped(No_Head)1"
	}
	Bone "0012_player_template_biped(No_Head)1" {
		BoundingBox -14.775177 6.568810 3.426239 14.424712 40.605732 12.338791
		BlendBones 4 "Bip01 L Calf_Bone" "Bip01 L Foot_Bone" "Bip01 R Calf_Bone" "Bip01 R Foot_Bone"
		BlendOffsets 4 \
			-0.009117 -0.999958 -0.000411 0.000000 \
			-0.997699 0.009124 -0.067186 0.000000 \
			0.067187 -0.000203 -0.997740 0.000000 \
			59.085201 -8.579571 9.091538 1.000000 \
			0.000000 -1.000000 -0.000005 0.000000 \
			-1.000000 0.000000 0.000001 0.000000 \
			-0.000001 0.000005 -1.000000 0.000000 \
			11.864738 -8.473394 8.316623 1.000000 \
			0.009117 -0.999958 0.000402 0.000000 \
			-0.997699 -0.009124 -0.067186 0.000000 \
			0.067187 0.000212 -0.997741 0.000000 \
			59.085194 8.579503 9.091553 1.000000 \
			0.000000 -1.000000 -0.000004 0.000000 \
			-1.000000 0.000000 0.000001 0.000000 \
			-0.000001 0.000004 -1.000000 0.000000 \
			11.864761 8.473333 8.316632 1.000000
		DrawPart "0012_player_template_biped(No_Head)1"
	}
	Bone "0013_player_template_biped(No_Head)1" {
		BoundingBox -12.733185 5.240387 -6.978317 12.286828 11.008163 12.338791
		BlendBones 4 "Bip01 L Foot_Bone" "Bip01 L Toe0_Bone" "Bip01 R Foot_Bone" "Bip01 R Toe0_Bone"
		BlendOffsets 4 \
			0.000000 -1.000000 -0.000005 0.000000 \
			-1.000000 0.000000 0.000001 0.000000 \
			-0.000001 0.000005 -1.000000 0.000000 \
			11.864738 -8.473394 8.316623 1.000000 \
			-0.000005 -0.999999 -0.001188 0.000000 \
			-0.000003 -0.001188 0.999999 0.000000 \
			-1.000000 0.000005 -0.000003 0.000000 \
			-4.781646 -8.473344 -0.044840 1.000000 \
			0.000000 -1.000000 -0.000004 0.000000 \
			-1.000000 0.000000 0.000001 0.000000 \
			-0.000001 0.000004 -1.000000 0.000000 \
			11.864761 8.473333 8.316632 1.000000 \
			-0.000004 -0.999999 0.001777 0.000000 \
			-0.000002 0.001777 0.999999 0.000000 \
			-1.000000 0.000004 -0.000002 0.000000 \
			-4.781635 8.473257 -0.049840 1.000000
		DrawPart "0013_player_template_biped(No_Head)1"
	}
	Bone "0014_player_template_biped(No_Head)1" {
		BoundingBox -66.191574 97.141205 -6.070145 64.935753 114.746323 6.977158
		BlendBones 4 "Bip01 L Forearm_Bone" "Bip01 L Hand_Bone" "Bip01 R Forearm_Bone" "Bip01 R Hand_Bone"
		BlendOffsets 4 \
			-0.748099 0.647063 -0.147163 0.000000 \
			-0.636421 -0.762412 -0.117031 0.000000 \
			-0.187925 0.006107 0.982165 0.000000 \
			54.169197 119.929375 0.861526 1.000000 \
			-0.728929 0.146175 0.668801 0.000000 \
			-0.666876 0.069173 -0.741951 0.000000 \
			-0.154718 -0.986837 0.047059 0.000000 \
			33.276886 4.365112 118.733284 1.000000 \
			0.748098 0.647063 0.147171 0.000000 \
			-0.636421 0.762412 -0.117031 0.000000 \
			-0.187931 -0.006112 0.982163 0.000000 \
			54.169243 -119.929367 0.861503 1.000000 \
			0.728929 0.146184 -0.668800 0.000000 \
			-0.666876 -0.069173 -0.741951 0.000000 \
			-0.154724 0.986836 0.047065 0.000000 \
			33.276875 -4.365108 118.733276 1.000000
		DrawPart "0014_player_template_biped(No_Head)1"
	}
	Bone "0015_player_template_biped(No_Head)1" {
		BoundingBox -66.191574 97.282227 -6.070145 64.935753 114.746323 6.977158
		BlendBones 4 "Bip01 L Forearm_Bone" "Bip01 L Hand_Bone" "Bip01 R Forearm_Bone" "Bip01 R Hand_Bone"
		BlendOffsets 4 \
			-0.748099 0.647063 -0.147163 0.000000 \
			-0.636421 -0.762412 -0.117031 0.000000 \
			-0.187925 0.006107 0.982165 0.000000 \
			54.169197 119.929375 0.861526 1.000000 \
			-0.728929 0.146175 0.668801 0.000000 \
			-0.666876 0.069173 -0.741951 0.000000 \
			-0.154718 -0.986837 0.047059 0.000000 \
			33.276886 4.365112 118.733284 1.000000 \
			0.748098 0.647063 0.147171 0.000000 \
			-0.636421 0.762412 -0.117031 0.000000 \
			-0.187931 -0.006112 0.982163 0.000000 \
			54.169243 -119.929367 0.861503 1.000000 \
			0.728929 0.146184 -0.668800 0.000000 \
			-0.666876 -0.069173 -0.741951 0.000000 \
			-0.154724 0.986836 0.047065 0.000000 \
			33.276875 -4.365108 118.733276 1.000000
		DrawPart "0015_player_template_biped(No_Head)1"
	}
	Bone "0016_player_template_biped(No_Head)1" {
		BoundingBox -59.487419 108.295998 -1.179520 58.254162 113.147133 7.919182
		BlendBones 2 "Bip01 L Forearm_Bone" "Bip01 R Forearm_Bone"
		BlendOffsets 2 \
			-0.748099 0.647063 -0.147163 0.000000 \
			-0.636421 -0.762412 -0.117031 0.000000 \
			-0.187925 0.006107 0.982165 0.000000 \
			54.169197 119.929375 0.861526 1.000000 \
			0.748098 0.647063 0.147171 0.000000 \
			-0.636421 0.762412 -0.117031 0.000000 \
			-0.187931 -0.006112 0.982163 0.000000 \
			54.169243 -119.929367 0.861503 1.000000
		DrawPart "0016_player_template_biped(No_Head)1"
	}
	Bone "0017_player_template_biped(No_Head)1" {
		BoundingBox -25.168453 126.834671 0.839905 24.772861 156.790436 18.134769
		BlendBones 5 "Bip01 Spine2_Bone" "Bip01 L Clavicle_Bone" "Bip01 L UpperArm_Bone" "Bip01 R Clavicle_Bone" "Bip01 R UpperArm_Bone"
		BlendOffsets 5 \
			0.000000 1.000000 -0.000001 0.000000 \
			0.990340 0.000000 0.138663 0.000000 \
			0.138663 -0.000001 -0.990340 0.000000 \
			-111.516991 -0.000004 -11.711767 1.000000 \
			-0.929122 0.367263 0.043018 0.000000 \
			-0.367604 -0.929983 -0.000022 0.000000 \
			0.039998 -0.015834 0.999074 0.000000 \
			47.345497 139.305740 -8.459464 1.000000 \
			-0.762131 0.647063 -0.021577 0.000000 \
			-0.647010 -0.762412 -0.010305 0.000000 \
			-0.023119 0.006107 0.999714 0.000000 \
			79.674316 119.929359 -8.097471 1.000000 \
			0.929122 0.367263 -0.043010 0.000000 \
			-0.367604 0.929983 -0.000022 0.000000 \
			0.039990 0.015831 0.999075 0.000000 \
			47.345566 -139.305725 -8.459484 1.000000 \
			0.762131 0.647063 0.021586 0.000000 \
			-0.647010 0.762412 -0.010305 0.000000 \
			-0.023125 -0.006112 0.999714 0.000000 \
			79.674347 -119.929359 -8.097497 1.000000
		DrawPart "0017_player_template_biped(No_Head)1"
	}
	Bone "0018_body_5_Part" {
		BoundingBox -10.510689 149.420654 -8.825699 10.484575 170.181824 10.914474
		BlendBones 3 "Bip01 Spine3_Bone" "Bip01 Neck1_Bone" "Bip01 Head_Bone"
		BlendOffsets 3 \
			0.000000 1.000000 -0.000002 0.000000 \
			1.000000 0.000000 -0.000774 0.000000 \
			-0.000774 -0.000002 -1.000000 0.000000 \
			-128.726654 0.000005 6.312968 1.000000 \
			0.000000 1.000000 -0.000002 0.000000 \
			0.998380 0.000000 -0.056894 0.000000 \
			-0.056894 -0.000002 -0.998380 0.000000 \
			-147.763016 -0.000003 14.499132 1.000000 \
			0.000000 1.000000 -0.000001 0.000000 \
			0.997682 0.000000 -0.068049 0.000000 \
			-0.068049 -0.000001 -0.997682 0.000000 \
			-155.223816 -0.000005 16.234915 1.000000
		DrawPart "0018_body_5_Part"
	}
	Bone "0019_body_6_Part" {
		BoundingBox -7.416679 165.074036 -6.713203 7.387745 168.785706 -3.684059
		BlendBones 1 "Bip01 Head_Bone"
		BlendOffsets 1 \
			0.000000 1.000000 -0.000001 0.000000 \
			0.997682 0.000000 -0.068049 0.000000 \
			-0.068049 -0.000001 -0.997682 0.000000 \
			-155.223816 -0.000005 16.234915 1.000000
		DrawPart "0019_body_6_Part"
	}
	Bone "0020_body_7_Part" {
		BoundingBox -13.415730 147.925827 -2.093338 13.389616 173.095337 22.571301
		BlendBones 2 "Bip01 Head_Bone" "b hair01_Bone"
		BlendOffsets 2 \
			0.000000 1.000000 -0.000001 0.000000 \
			0.997682 0.000000 -0.068049 0.000000 \
			-0.068049 -0.000001 -0.997682 0.000000 \
			-155.223816 -0.000005 16.234915 1.000000 \
			0.000001 1.000000 0.000003 0.000000 \
			-0.941877 0.000000 0.335957 0.000000 \
			0.335957 -0.000003 0.941877 0.000000 \
			147.745529 0.000029 -69.537804 1.000000
		DrawPart "0020_body_7_Part"
	}
	Bone "0021_gun_0_Part" {
		BoundingBox 58.767479 88.798386 -10.427704 77.819466 106.124268 9.095299
		BlendBones 1 "gun_Bone"
		BlendOffsets 1 \
			-0.673122 -0.028109 -0.738998 0.000000 \
			-0.709004 -0.259619 0.655677 0.000000 \
			-0.210288 0.965302 0.154826 0.000000 \
			113.904778 29.224766 -12.064404 1.000000
		DrawPart "0021_gun_0_Part"
	}
	Bone "0022_body_4_split_1_Part" {
		BoundingBox -11.867313 165.530945 -7.810349 11.844021 185.237274 19.855228
		BlendBones 1 "Bip01 Head_Bone"
		BlendOffsets 1 \
			0.000000 1.000000 -0.000001 0.000000 \
			0.997682 0.000000 -0.068049 0.000000 \
			-0.068049 -0.000001 -0.997682 0.000000 \
			-155.223816 -0.000005 16.234915 1.000000
		DrawPart "0022_body_4_split_1_Part"
	}
	Part "0000_player_template_biped(No_Head)1" {
		BoundingBox -46.688316 0.400536 -7.937263 45.494545 157.055557 21.586971
		Mesh "mesh-0-0000" {
			SetMaterial "PLAYER_Chrome1.bmp"
			BlendSubset 6 0 1 2 5 6 7
			DrawArrays "arrays-0-0000" TRIANGLES 18 1 0 1 2 3 4 5 6 7 8 9 10 11 12 13 14 15 16 17
			DrawArrays "arrays-0-0000" TRIANGLES 15 2 18 19 20 21 22 23 24 25 26 27 28 29 30 31 32 33 34 35 36 37 38 39 40 41 42 43 44 45 46 47
			DrawArrays "arrays-0-0000" TRIANGLES 12 1 48 49 50 51 52 53 54 55 56 57 58 59
			DrawArrays "arrays-0-0000" TRIANGLES 9 1 60 61 62 63 64 65 66 67 68
			DrawArrays "arrays-0-0000" TRIANGLES 6 1 69 70 71 72 73 74
		}
		Arrays "arrays-0-0000" VERTEX|NORMAL|TEXCOORD|WEIGHT6 75 1 0 {
			-40.102615 120.674858 7.654060 0.807007 -0.576447 0.128265 0.000000 1.000000 0.000000 0.000000 0.000000 0.000000 0.140625 0.859375
			-43.143036 125.384972 2.551903 0.309296 0.064819 -0.948761 0.000000 1.000000 0.000000 0.000000 0.000000 0.000000 0.109375 0.890625
